19.090811
24.575060
26.061808
55.780582
30.982139
30.139854
24.118238
24.440480
20.295587
24.224876
17.945492
30.266885
25.651523
16.330008
24.912913
41.839423
17.614392
22.105714
26.189963
50.803521
33.431364
23.311476
27.428422
19.478924
22.063346
30.775240
42.685264
35.177779
23.197568
29.813402
38.630748
20.693282
27.490482
17.651501
24.680823
25.850250
35.168412
19.262140
31.506513
36.529564
24.460806
19.640425
22.426991
24.118344
21.134212
37.299453
29.978061
25.357316
23.539188
19.549277
20.384803
21.934135
29.424612
27.875928
17.998919
38.522040
31.038358
21.219486
22.664721
39.556608
17.896828
15.320360
36.106772
20.886504
24.784559
20.425670
23.822246
21.917541
32.118700
37.703550
19.483541
26.568278
24.535099
19.013297
51.577788
21.170668
20.231844
18.602902
23.002583
22.364838
23.144611
32.081394
23.186831
28.914066
20.830750
25.624889
24.539959
41.369950
21.119904
26.964868
15.316142
26.713693
23.461465
20.936770
38.735137
24.120911
23.442995
37.512510
21.941082
35.488499
27.455755
43.984402
35.489372
29.323003
27.094899
10.375635
15.993930
14.978878
32.923599
21.622366
23.191898
23.533331
29.026097
27.389117
40.802980
27.374261
19.420812
26.035425
22.628938
62.074447
21.628768
19.277384
29.754729
19.242723
20.415219
22.999709
37.071960
25.780782
31.699775
29.424287
18.089183
17.381253
26.272479
24.170800
28.337643
23.000152
14.934047
34.886891
25.583909
22.363058
36.734864
31.344321
19.240159
54.740862
46.923916
30.222653
22.160104
16.183156
19.152838
25.269766
14.748570
18.510550
19.823057
22.603863
19.740949
32.711855
50.732721
25.026966
30.647198
26.122615
28.697639
22.805610
19.980272
21.216132
28.323514
21.585507
22.713858
31.481111
16.317084
25.062932
19.932917
45.185482
25.666268
21.256820
17.688533
18.990579
25.224426
17.059399
27.358861
32.431339
42.238083
23.483236
27.223062
25.036029
28.878495
25.410791
24.945678
24.198257
20.930563
22.120050
22.052860
17.574701
29.883506
26.176115
16.202790
28.402489
21.654809
20.586546
22.361851
14.825348
52.008846
21.620246
22.122451
33.512059
21.559539
22.027056
20.390897
46.959371
31.153960
30.888037
38.491986
27.236749
27.569107
29.613245
26.844865
18.913741
17.631814
20.857277
39.150643
22.312188
21.199201
8.759342
52.794710
24.593568
24.273812
27.931389
33.098191
21.835382
19.806765
32.167910
17.131738
31.302792
21.502129
21.258794
36.559963
19.440646
48.554283
11.866070
21.134247
42.508550
25.542066
48.933103
21.460958
23.269058
21.292796
13.011212
22.890982
27.729295
35.737009
21.283505
24.684102
26.833801
15.872604
26.826016
19.186538
32.901700
24.074090
25.056296
26.821000
26.970702
29.629089
27.678242
17.209356
27.404863
23.714949
17.866224
24.518709
33.265201
39.095098
20.853416
24.627157
35.306329
15.610482
12.277643
26.358452
23.581435
25.067119
22.627588
19.600565
33.312173
24.212653
24.689388
26.875382
21.701964
37.134739
18.440404
22.081743
24.949002
21.686012
21.696817
23.995145
25.271803
54.903373
15.537001
32.920134
20.717864
60.412215
25.331712
21.415092
21.246073
19.868127
18.752066
20.351407
20.885188
40.207454
33.460951
19.603232
18.264597
24.621351
31.807069
22.860792
19.649699
25.846148
43.878287
25.877316
23.204780
27.033908
21.185449
37.361407
26.066377
18.582023
27.746847
22.640835
24.255619
21.000407
18.095081
22.182818
24.919446
23.823460
34.155450
26.064036
33.394010
29.924795
39.772954
29.863960
16.622293
27.132050
38.599891
17.617297
19.173117
22.211862
39.360272
35.219981
23.909089
23.099435
17.060017
32.380256
38.564919
24.713045
19.242820
36.086474
34.866975
14.158733
27.351828
40.031829
25.028684
49.500873
21.807348
28.068209
29.001447
35.464571
20.347593
26.366033
21.818321
22.025994
22.821919
43.478068
27.091814
22.566446
34.411089
27.262040
21.069696
9.740692
26.672957
33.152513
21.761318
23.258373
22.018121
20.040306
52.195804
23.270116
15.308247
31.641824
48.012911
38.226905
25.089572
18.176117
21.206697
26.273160
24.217051
56.962993
18.554154
20.496523
29.566728
26.492997
19.322449
28.478934
22.174782
28.130475
18.831447
29.329236
34.530385
24.628314
22.126512
23.770941
21.553529
25.469591
26.364044
22.727313
44.366195
19.151282
19.592600
21.855514
49.230728
22.929782
18.050191
16.295490
23.588954
25.308913
27.351456
9.844734
22.999609
22.961302
27.574141
19.902727
27.186103
27.708676
22.886803
36.493171
16.278319
28.883901
38.984706
29.074782
25.612452
15.176755
40.194333
16.458395
21.949174
31.435210
48.093272
18.836276
23.428273
49.981664
37.409496
31.924495
26.370477
30.930824
18.680778
22.310224
17.010239
20.737110
17.738584
27.608684
24.224378
31.282271
27.803754
19.938938
31.912249
23.992744
27.412306
23.563418
17.986317
26.667203
22.789101
21.531434
17.456162
28.162787
32.354072
19.935202
28.356022
29.580452
18.249601
34.872163
24.890921
32.833371
11.170644
24.183069
27.205163
18.087513
22.061385
34.543566
35.243080
24.570011
18.024551
17.640868
16.282752
23.683808
42.947962
21.856170
29.054077
18.259725
22.026379
23.097089
26.211166
18.197137
24.180454
21.776878
26.590595
25.546243
23.329065
32.389233
23.320181
26.059733
16.136466
26.420127
39.944181
18.779042
19.881912
19.385231
49.943915
25.992758
20.829797
30.723802
24.968918
27.364678
20.789427
12.021173
24.235468
22.445810
46.848479
24.613277
20.076839
19.732923
23.213936
24.169704
21.816475
25.921314
34.125610
21.456894
22.127817
21.186256
21.051938
23.901191
27.578260
23.155678
37.245470
19.214619
29.508075
23.136298
54.230801
23.637304
22.838452
18.433388
29.401467
12.575467
26.575852
32.557382
44.996613
26.433306
22.089291
17.729117
29.168193
33.756830
23.456893
23.279805
15.901433
56.176717
40.529487
28.886038
22.578290
