59.635851
26.715197
47.786152
73.822080
45.270092
78.056975
107.194218
48.646779
55.148051
63.041747
18.567180
74.071073
52.987723
23.417608
120.007456
30.363517
14.218939
65.569575
34.947246
34.599020
86.964656
42.956637
48.321363
39.070526
20.425514
40.006175
27.751962
42.076693
50.265107
61.075348
62.287869
67.320617
16.421110
22.604776
38.881148
77.309081
29.310538
41.996279
74.969449
52.941027
60.378862
27.525437
38.842520
75.534800
64.032372
80.107456
57.213238
49.050257
98.054688
53.827610
33.668868
50.131256
66.682650
94.734630
12.977864
46.836715
108.459540
56.836566
23.640417
22.198954
57.658956
18.575607
66.900532
48.127334
41.641466
38.478337
138.521216
45.042966
21.355175
73.925499
54.626906
32.738011
59.726748
48.919721
63.094211
76.594420
20.349231
52.355917
51.907825
47.048804
25.721896
86.566278
70.892363
70.074233
39.911393
69.755209
75.780956
70.220274
36.067014
72.140023
14.956139
83.803151
29.990787
30.421370
14.155274
23.743798
51.710507
63.979526
33.145327
77.550721
44.248357
89.018145
76.974200
65.004335
49.428680
19.287697
40.980018
66.423910
38.630871
34.481381
20.034648
27.395207
45.523702
75.783843
75.784009
37.270350
30.530306
71.595991
35.045113
46.053421
52.910983
96.714412
47.578222
40.017737
49.801797
49.386133
46.143393
67.624020
48.569878
121.139898
66.001231
28.803510
46.106821
125.648836
46.820340
37.576976
17.492133
80.409607
27.311321
32.481362
64.388556
32.146313
12.415109
59.709438
57.227818
67.484350
51.408633
23.144644
39.013634
51.874432
59.373164
49.269357
19.715715
20.606904
48.925962
42.423432
55.740248
65.417051
26.450794
80.710229
44.894451
89.963322
81.163883
23.712527
58.468567
19.465817
93.347925
77.029174
51.418847
53.832056
41.034914
38.523981
84.567868
90.431475
34.531899
23.636743
27.170706
44.574225
55.961641
51.149924
51.607239
49.862866
80.075994
55.087571
30.655502
48.669299
98.239077
55.772570
68.850150
50.193572
13.943467
54.778470
89.105542
65.440648
24.092250
23.317958
44.049600
38.326816
28.563768
46.716071
122.496147
49.112794
43.890272
57.887304
37.555613
41.105701
35.871569
71.455195
54.141438
36.862803
41.880549
37.612143
77.314668
65.523327
53.056195
30.459081
30.188081
112.240972
41.632690
27.313111
66.512760
25.347069
83.862425
50.102152
18.132872
49.563546
41.894273
50.440216
46.162886
40.277698
17.750779
24.156633
14.431462
29.243223
72.307157
47.467531
67.486141
17.447305
43.882190
68.779359
31.735711
43.516813
67.941892
112.239665
26.743347
14.087846
60.288222
48.941849
123.573731
31.647397
65.207074
65.284483
58.297411
27.115956
14.785330
41.746464
68.107687
43.915548
36.341143
77.796032
26.243450
81.165502
42.575171
64.463335
49.788756
120.897463
44.604164
30.031709
88.156030
58.487477
62.041109
83.245807
25.474389
53.345863
25.824342
43.460361
30.386360
40.025190
69.045059
78.582168
30.422383
31.539444
27.791795
22.583032
70.314057
22.585964
134.196074
51.696063
52.854406
79.381464
119.263294
33.656750
79.026955
25.530944
36.361523
56.842193
58.722232
69.900038
121.747620
71.565122
51.070524
27.369118
9.413732
35.350749
36.900285
72.449265
23.456489
18.766660
40.833147
49.334569
80.757337
58.106203
60.747246
38.172681
101.379223
27.283527
80.430825
68.374187
16.257022
74.056674
65.603280
38.898911
36.660443
69.856491
27.088404
28.835531
58.922236
49.623423
86.943896
56.147010
54.177869
103.056452
27.553162
25.728632
52.008801
51.857207
30.284037
64.003123
39.331506
29.886136
30.285379
54.878238
48.845893
15.293413
36.427661
68.507293
40.609328
60.599883
51.421306
16.901646
26.851778
46.672730
23.851548
41.783079
23.306024
121.700798
49.467791
74.947597
24.005867
72.513025
71.641670
27.033519
82.575493
56.188676
52.811864
53.237681
27.554691
25.736116
48.320000
46.147753
43.723541
21.902529
42.904837
82.753720
76.477185
30.902664
20.040277
34.645816
134.116694
46.471670
52.330123
93.260448
27.672707
60.136135
56.349845
68.147961
24.893868
41.367835
110.800586
59.314761
68.238520
82.142891
114.209208
47.999181
88.938132
32.166211
85.245363
41.099405
66.514048
57.260728
25.635704
84.604279
69.834177
27.465115
52.006930
70.524094
59.753845
24.738487
32.469855
75.136336
44.757291
41.422329
42.115784
50.670330
98.526170
35.019859
62.793237
49.522986
46.725395
53.113572
48.944484
32.948649
36.464037
82.395077
38.140859
39.464557
69.101310
13.473538
72.438598
32.495172
61.987201
72.679288
71.314324
40.062323
23.325203
45.499215
45.289751
22.552450
38.949962
75.206698
54.570243
47.455546
98.441108
79.335186
46.058073
22.526985
76.646833
55.587885
74.550647
18.881858
50.489683
50.815124
52.295552
92.383225
60.951530
18.886510
35.980357
72.775742
54.331646
50.410544
38.804057
27.983888
49.265761
47.049860
34.498249
16.399873
52.732886
54.278050
55.853177
25.225829
54.637790
49.202499
80.923535
60.852134
70.223317
24.502560
59.818706
113.808445
84.029412
32.800994
54.735405
91.721359
80.356001
34.303304
27.538517
20.240381
74.203460
86.918318
23.372125
53.354700
20.619722
101.588717
43.821066
24.216877
31.766608
35.169783
97.292240
29.300407
63.560035
58.509786
42.968737
19.376479
58.591223
57.063606
33.130119
40.068071
103.177030
24.454283
31.010267
83.393347
48.208796
28.855876
60.369015
27.958881
81.102683
51.020811
30.562136
27.860687
21.608593
82.116654
40.539392
50.790320
20.312463
47.874921
41.389979
59.916895
19.017359
46.187041
55.392166
47.957993
72.292874
20.885077
27.576570
104.697270
62.702200
75.750897
22.943109
55.250787
65.210550
95.918208
66.151723
68.726729
27.311821
23.153050
18.083042
45.141316
52.147942
66.520405
51.716617
50.755589
34.847867
53.339426
118.520419
44.962822
59.160220
21.719737
66.121564
71.651784
53.982900
52.335197
