45.018198
37.582086
64.286555
31.811573
54.945538
43.372316
46.570447
38.049540
29.505913
42.050159
24.384861
63.978837
74.987850
14.398247
34.092716
32.365219
23.517422
30.464012
33.600006
52.998385
62.014500
21.433192
23.747797
17.122190
13.422406
41.350842
28.132057
29.610225
30.288130
63.616799
49.928501
58.879941
19.994773
31.524703
59.209244
41.515405
46.440942
28.484906
65.799050
61.072275
36.857673
32.183795
36.479590
26.951574
38.823527
47.720793
32.945969
49.385887
36.642620
28.551427
39.426212
33.434304
49.275226
50.540910
13.467918
39.960294
41.047952
23.946941
33.772513
45.210869
64.055079
30.095896
52.866023
35.564786
29.328711
29.886807
35.350764
23.155779
40.362548
40.712865
53.058151
37.938619
52.666587
52.376250
48.182116
36.658957
29.051517
24.340463
50.328217
50.633652
34.872344
40.150059
33.446203
29.995824
32.786412
48.553333
62.043769
36.316955
42.156181
25.433215
30.366515
80.033221
22.765789
23.029346
36.076258
35.681505
25.345311
36.097994
46.346962
42.276828
34.311776
35.619667
95.854248
33.365930
26.456236
28.295838
43.868093
24.116986
35.758811
23.019949
59.817082
45.930791
22.186153
40.986453
39.069176
31.297673
29.302798
55.947916
32.526928
49.747030
26.946766
26.827251
30.700950
42.556719
39.077393
20.690442
32.696091
34.851194
33.205885
33.710351
31.290690
43.367377
37.488396
80.612111
33.513218
20.597854
37.650108
55.633087
51.174280
30.313387
44.039527
28.449778
28.797943
61.357427
46.940567
40.959102
62.189474
23.360259
16.332052
46.720829
24.016496
29.785515
20.286546
54.877006
28.739182
41.380911
47.897321
28.973407
43.647596
44.794240
33.356181
34.930119
90.698060
37.267971
26.561084
41.956318
31.641543
70.914607
30.512910
41.290218
42.160146
66.557711
39.489162
27.011888
47.951440
23.953026
37.183280
48.634362
36.489626
69.907486
30.053642
27.979543
92.089372
28.581758
82.248191
42.512870
33.764482
27.644879
40.152797
37.240703
26.845228
33.483966
27.785114
28.945488
18.154175
34.891676
41.605543
37.624260
21.967060
61.766950
62.672110
35.030732
37.259952
50.818549
46.634076
43.163943
60.996606
36.994287
30.257976
23.985333
35.212493
43.423739
25.195045
58.326590
50.594877
36.241309
23.500941
39.698384
45.821276
37.299242
28.609114
32.725615
72.822895
46.380160
26.546494
34.533400
70.461919
52.975547
38.045270
85.990984
36.879962
21.781010
42.796982
27.283485
73.690327
31.441778
36.234852
31.435823
42.383124
30.639366
28.176625
60.431522
31.213751
61.984772
47.477187
41.258328
44.561954
24.650070
79.217560
29.628589
46.072869
29.168503
20.999191
30.118804
41.371373
58.206760
34.619997
41.022512
26.338247
53.706543
40.193923
48.207453
23.314581
42.197830
31.455178
50.681791
26.016113
47.064631
41.520399
22.250998
42.278014
38.232364
24.120856
45.933492
31.934088
39.398456
29.845018
50.570989
44.910484
50.251965
36.214997
42.793743
38.858975
32.303873
35.404251
31.222012
35.264791
40.987403
32.742877
41.866304
50.844574
38.937563
77.614058
35.524199
45.925998
35.705992
44.108853
26.533293
66.885711
34.147481
69.925652
39.977109
14.839021
28.876337
38.521218
73.756761
25.842557
32.742218
50.728819
37.765232
35.030930
43.708609
39.091849
27.687252
76.686654
47.185320
43.340577
26.825262
77.890822
39.921693
41.823825
60.409248
29.088750
50.723945
34.117540
31.173302
48.800636
41.146943
26.992747
55.772726
29.081131
44.781723
56.218097
44.547123
47.921511
31.478377
43.402008
35.620738
21.211955
31.749194
79.848943
35.035625
55.455272
35.050325
38.205109
36.207199
41.319304
33.769270
34.107412
41.399079
33.903538
25.265227
52.458049
37.008779
54.618297
30.552447
40.057457
72.264801
26.523797
53.022686
42.143158
19.972083
25.704233
39.384782
35.474149
67.399081
26.518047
45.672575
41.012549
55.188677
55.828102
23.497184
35.576768
33.663135
70.350659
27.966138
36.206678
30.307593
31.554247
25.391466
34.235051
28.751484
41.752635
33.746540
38.620063
29.509685
29.230502
41.436307
44.178995
29.148831
60.170947
34.687392
63.799307
28.267220
46.829433
24.918163
36.850145
48.110099
30.570833
21.457380
48.263372
48.911754
52.148400
59.362543
57.318584
51.532470
30.966818
29.288427
44.064632
85.320509
65.350591
42.326656
31.545260
53.232612
45.279064
19.367994
76.847184
46.375820
46.835166
51.369657
16.367689
35.027883
26.648223
57.813119
27.430192
68.368494
30.187560
42.236016
37.464205
41.975109
28.709943
39.420718
25.171635
22.620193
31.390870
58.316999
20.938720
27.740108
42.695413
29.872547
21.274364
22.747473
17.414748
50.354847
32.294396
75.604478
24.142215
18.022332
54.468685
25.978603
45.649521
25.315212
34.693186
29.612191
37.096266
38.382059
27.025688
41.131551
42.732589
55.040991
58.402857
24.358257
39.375113
30.752074
22.913716
34.570575
73.960779
37.074620
43.784529
20.998929
39.261998
31.475900
38.282188
40.011051
69.717762
16.911541
26.740923
53.581448
29.796396
34.317330
50.824966
53.688705
41.767582
27.750689
39.118041
16.490556
33.418105
57.615092
23.542112
31.172329
13.864306
30.223793
28.457166
47.708683
26.636468
38.012236
38.137612
41.426478
49.720264
77.927736
59.583724
32.359802
33.659544
49.244246
48.630887
40.932950
28.091512
40.757828
59.164465
42.682000
26.588595
43.396918
47.053567
37.249222
36.810920
51.294864
23.010009
33.352809
17.993986
57.291974
24.690462
22.760194
45.941216
31.619266
37.701294
27.237098
85.066507
58.452258
34.470297
38.057508
47.907716
59.384314
27.364861
40.038678
54.418630
38.088598
40.281078
26.724068
60.273275
44.874867
30.059687
43.220777
24.726500
36.313052
47.244659
34.424911
56.607252
49.962931
29.572300
34.425849
34.735131
24.149012
30.493636
76.057735
33.421394
58.593064
39.085520
34.358019
41.926437
27.557183
