28.570155
10.578889
54.498487
35.224055
25.278406
26.366398
46.159124
43.890835
37.406881
22.389574
18.784044
42.741088
37.919670
9.942661
52.396165
23.251860
13.263433
90.094965
25.531985
25.759373
26.064566
35.503710
20.541828
32.517280
23.056375
13.480630
27.673776
28.622589
29.363022
27.096458
21.596850
40.355492
19.612790
17.049656
25.200384
40.370876
23.221291
29.847557
62.000046
21.981984
42.397839
35.179049
19.070365
27.714404
36.558412
60.311773
41.432078
56.442341
33.494052
31.827465
29.620874
24.132300
61.047909
17.069844
17.242417
18.863426
38.397654
20.414807
30.839324
28.411818
50.007630
24.740134
33.411650
30.970889
58.640388
20.202719
37.776804
67.246869
17.566028
48.581355
33.464277
17.041362
35.281201
33.390746
35.942208
42.034888
27.202515
40.912052
21.851828
32.093814
22.703234
25.890214
52.598900
27.219705
39.284938
29.997541
39.119145
22.245655
19.410744
34.682381
19.902213
39.657937
20.784192
31.983270
17.995044
22.654066
26.633206
21.843248
29.712613
37.084402
18.184063
37.828240
27.346874
32.334526
27.618581
9.390214
75.551667
34.118539
26.217674
15.158931
30.887071
19.053196
28.207604
37.742953
29.173489
17.388492
23.046234
29.465991
32.381662
57.868641
18.840277
36.782960
27.843213
26.028354
52.587418
27.235738
28.837811
45.761907
16.933455
29.571495
29.065765
22.567603
27.258178
36.125792
29.438412
76.843443
18.219184
24.382087
33.012726
14.785057
48.337049
39.327995
21.834676
24.106616
42.204157
35.229788
18.622484
38.018349
61.601325
23.859675
20.032759
38.437528
15.027184
8.855569
56.740247
39.025020
44.475433
40.894508
24.966496
32.043681
15.950167
27.661130
47.448043
18.831340
33.950749
10.763678
15.302972
55.680029
24.223531
33.786505
30.576718
26.476672
32.510757
47.024639
39.975404
20.142334
29.111676
19.721796
15.379509
26.958559
36.142039
48.044454
35.590654
36.440340
21.791820
30.821524
41.975383
40.655183
40.210220
18.678521
15.740635
21.919304
21.635791
31.384471
44.459606
13.072886
38.531912
20.804708
17.530086
17.749782
51.715949
27.533013
41.563622
33.439277
39.800176
19.752619
34.999632
28.815235
47.242869
39.759377
22.935505
92.563127
43.359476
21.790756
23.584963
27.369561
27.108033
32.264229
28.166481
18.589924
36.279126
21.332116
22.151032
35.526266
14.068820
18.388573
21.783572
21.018996
39.709838
34.031824
28.980176
26.051508
14.273968
41.484112
42.983860
17.607413
21.674483
19.923461
32.744396
53.704376
54.776790
46.047789
37.223438
31.939366
28.344163
14.429683
37.127763
72.641911
30.217033
20.116129
38.682714
30.923107
29.422439
24.595267
19.111753
49.704860
28.677598
31.110589
22.372341
43.943445
29.875389
37.729440
51.997817
22.761479
33.982420
53.265488
43.420731
46.081102
44.144606
48.533910
31.070127
40.175247
22.377039
17.241876
18.034136
57.160910
36.138938
41.848936
20.624275
45.701598
14.592966
57.766102
23.903217
13.093514
23.928881
23.878750
40.593788
35.031725
20.059789
39.167810
48.371630
24.621230
48.981031
20.704331
18.895180
26.229110
49.394301
29.835068
36.278241
18.974321
44.335929
20.185806
31.650711
19.128552
47.278883
26.149974
12.324682
13.994158
37.392505
31.905892
29.000610
12.497384
38.961114
24.859217
29.692692
25.839261
47.225543
33.290324
16.471759
44.660505
22.678674
21.326587
30.703175
18.597491
46.465882
16.162251
53.099471
32.740798
39.336341
47.035095
18.177972
32.533489
30.692856
22.700204
26.442886
32.647283
47.056474
35.537777
16.930394
36.933367
45.310698
33.905046
49.114429
16.666848
61.126454
47.486430
29.696464
62.694757
65.325611
7.182431
16.333386
41.195693
19.152123
32.482785
24.541677
33.294202
30.118849
34.152531
15.750006
22.447482
22.696432
27.963231
20.428442
50.190409
27.447985
32.436424
22.671935
16.114334
12.346267
37.881906
15.577547
17.237435
28.940245
61.019177
41.843959
19.963794
26.421744
24.884634
46.494392
23.266465
32.530328
37.587593
15.144333
41.176655
44.595906
29.938082
23.204151
21.315560
27.194303
26.801781
21.210343
21.619411
23.309464
24.982818
25.098891
44.042398
19.419615
26.031356
29.845128
26.837470
17.872517
29.304186
36.451510
24.877111
35.026703
32.301062
30.745853
26.541055
14.158463
33.669884
47.652125
24.767863
27.220339
57.148513
61.241661
21.276117
34.316652
43.458525
22.903882
45.091186
24.960436
22.330391
50.900715
22.131031
18.636431
26.211131
38.826934
14.245290
25.899382
24.488325
51.908992
28.396464
38.340888
19.745105
22.827685
20.751282
18.386925
39.905215
41.987941
27.193868
28.818736
14.763641
52.778526
29.857945
19.229990
14.972287
28.531891
60.733014
37.833495
25.099758
24.347655
22.289687
43.802870
55.791555
24.031128
16.399431
21.202518
13.354070
34.489078
29.961389
28.220351
28.240925
13.914305
25.409815
19.709914
14.186639
22.230887
17.815343
30.826143
43.787587
20.968930
21.762779
36.115191
25.334735
41.100992
17.397417
29.338578
71.284124
25.451773
15.942800
29.204006
28.506823
53.163346
29.279689
19.981257
63.478674
39.997424
51.308040
29.401088
30.473223
22.415396
26.871696
24.231565
19.199103
23.521696
36.474513
46.030941
29.258051
34.392426
32.570974
47.268331
19.173548
33.848496
38.049497
24.540467
19.014455
56.237102
22.412658
55.137807
30.967603
25.410376
14.213366
37.252929
14.435469
29.334653
28.857003
45.982465
29.844392
23.396493
45.295530
24.398573
38.723694
13.616754
25.752126
16.651010
34.457478
12.978727
22.085768
33.887278
23.728135
36.130872
20.852281
25.564199
33.769752
40.146091
41.520153
27.066055
37.221994
29.781361
28.211049
27.862585
53.800282
20.294049
32.685112
27.512577
34.063643
28.255072
55.740419
43.284235
19.799612
33.117923
32.006586
84.556572
20.567272
77.731680
11.978249
26.887301
39.382051
30.916569
36.440936
