39.884922
25.912649
59.195138
51.724745
44.559570
45.988058
35.386428
25.629179
36.360792
35.938253
32.653570
47.735363
52.491387
13.533708
39.032669
29.465888
33.663590
29.459760
30.767780
74.483452
38.603573
30.594239
53.812055
38.145958
22.170504
35.235727
41.321939
26.592377
47.530556
70.088133
42.581397
43.033819
20.392269
25.997425
46.419206
38.770407
54.387333
40.924293
62.009566
41.884162
61.147616
53.652425
50.359911
31.903488
35.121319
48.268995
48.039113
45.499376
37.974638
41.673381
34.488880
29.305720
58.136704
50.850458
27.910674
31.400926
32.041868
57.196179
34.255195
35.288244
47.351101
50.618514
36.664187
52.950995
45.974952
30.799114
31.021525
37.090055
38.069536
47.500316
35.403997
31.400139
30.800869
61.313855
41.161784
75.029069
27.744768
42.386372
41.833557
58.702503
38.580444
40.747551
43.830566
33.304245
26.083152
57.532242
38.942431
49.388934
36.003456
40.310793
38.572591
86.107932
28.110024
26.107706
40.399029
38.816579
27.867635
37.756977
39.006947
25.716650
26.460068
38.570752
69.273503
76.175648
38.667777
46.808653
32.109444
38.732143
59.326011
29.741357
51.279002
44.756768
30.274718
33.916455
38.820834
51.623463
39.923825
39.694376
25.549343
72.533790
31.652956
59.300840
36.033062
39.416282
52.216715
18.447576
43.603752
28.050489
46.760398
57.182520
29.878982
34.931612
27.872802
58.586209
40.537584
18.739088
47.662475
37.597711
35.435216
38.170767
35.767071
37.966114
28.452939
44.536914
69.738859
54.866917
42.661361
30.339257
18.439175
44.295239
36.603971
40.112800
19.664859
42.992600
43.451967
41.673901
52.006291
43.445796
49.495095
43.882628
32.034258
35.802987
55.254548
57.197271
36.254161
37.121960
38.910483
56.420324
35.695041
40.825138
36.361865
42.822605
35.660428
46.850671
31.739800
35.299690
31.488426
50.223043
42.115279
42.428512
27.518333
39.225501
31.670503
23.186117
89.625062
34.357370
41.951719
38.263087
66.791470
57.835559
42.026374
19.984871
36.784741
45.991297
27.694476
29.192652
25.355555
41.145681
46.976702
97.658352
64.011155
57.359395
36.982909
40.391277
52.242429
34.621025
35.900195
52.883866
41.184081
25.541649
112.530711
34.423199
33.847060
67.826649
54.905516
35.573593
40.841998
26.403264
79.241715
38.482458
36.771657
20.281943
68.187917
24.737889
25.130353
35.938306
87.194679
45.207902
39.012429
44.738160
37.542124
32.212207
31.045308
29.862605
34.103967
29.139751
43.478928
43.970778
43.378657
42.901341
34.563024
45.969862
43.152371
46.956625
23.518380
35.143807
38.504413
35.866321
93.543277
37.812780
32.218856
54.385830
27.927607
42.731462
23.770845
57.880636
43.905203
51.752103
31.580180
38.478797
37.633841
46.447118
34.415924
52.187491
29.388651
36.901641
33.914811
41.769500
46.267613
39.049675
41.680658
49.382563
33.491337
39.577546
56.122915
32.747974
33.144997
81.315929
73.646613
53.910480
50.841371
38.987107
35.293625
32.708905
48.252650
38.503085
60.090124
40.097580
48.279184
28.900731
29.790859
39.434118
42.463550
42.284693
36.180391
48.194307
52.681091
36.146108
56.972282
41.792976
35.935789
77.649493
32.459115
33.837485
79.719946
84.306317
17.533844
43.504522
35.430780
43.997181
24.156673
30.605429
70.611687
36.455435
49.227816
38.520753
31.965525
21.909107
45.741992
42.933976
31.999545
49.894459
36.326136
37.620959
43.900260
44.492542
61.035457
45.288922
40.171717
41.789438
43.701880
33.829750
41.070462
34.764942
31.032383
37.106053
48.016351
53.002217
24.135775
29.039173
83.829705
45.380251
38.312669
28.593410
35.586417
59.581396
42.995904
43.997815
43.449528
40.154215
45.361160
41.349881
94.588483
54.733494
52.082789
53.394364
37.037131
60.907047
40.543858
38.173143
51.430550
36.285043
40.341609
37.569508
33.734051
87.521100
24.974359
35.776197
43.791862
39.709433
93.464570
30.763917
34.087169
52.580639
35.203375
28.573123
35.588594
40.508760
40.613283
36.239044
32.923640
41.221462
52.606695
33.858660
44.589368
47.487587
30.494559
35.768213
32.523023
25.675678
71.407453
30.749011
69.262197
45.642495
41.617095
55.604536
37.389470
32.708827
48.581169
29.042032
42.514887
43.203804
49.453820
43.980681
59.682768
32.997807
26.725878
42.468589
32.620081
55.400409
52.667910
32.951169
51.532762
62.712585
34.502888
14.930714
55.467216
36.767810
40.765422
59.851159
28.892599
36.475122
42.030915
54.206470
35.451603
45.249045
36.193153
26.599431
50.646969
39.244672
35.774605
42.112724
70.712204
31.064260
37.113639
30.940621
31.103782
26.075102
37.843765
43.250153
29.138682
34.783841
38.356715
48.999598
40.731880
29.121118
25.579883
29.613863
41.795906
33.267276
37.636909
20.334238
38.086275
28.983765
57.633639
27.017848
50.626008
30.212857
71.675270
48.885683
46.677930
29.845226
47.932404
35.340590
51.002157
35.525539
72.604681
36.762771
57.153366
42.071131
41.853386
43.250138
42.776347
47.452177
57.485979
18.909846
32.411638
47.973613
40.055959
37.040621
37.989854
48.639281
35.828112
29.260651
42.142864
13.147605
35.472446
43.049309
31.940427
37.326206
25.825154
41.958641
27.387266
56.716993
36.058321
31.629533
32.953012
43.319826
30.964686
53.393645
33.138653
28.444392
37.007768
72.179758
36.930085
50.451879
28.330411
30.478559
33.839524
60.882068
29.170600
47.217688
43.235503
35.681460
40.478957
33.594595
23.577776
40.094029
32.240285
42.635446
47.982188
42.541687
26.742354
31.807484
39.070843
49.406702
100.538873
78.095377
24.024291
40.111211
32.612124
36.937896
46.305603
98.446579
42.862381
47.362552
36.566632
43.097382
51.228112
51.360051
29.763038
43.816731
38.345429
31.415762
22.559433
29.353293
68.380181
58.404300
38.474625
33.227181
49.704579
41.251559
41.053177
64.857971
37.334099
39.064581
33.169894
30.037599
34.491648
33.431540
