22.285820
16.582134
50.148742
28.926968
30.291671
27.859585
44.325946
17.923940
27.345745
30.206588
13.876244
28.515270
36.512053
17.233958
24.817183
17.715100
14.592807
27.911187
24.365669
43.776714
44.516797
18.908325
19.575876
30.058711
10.209074
22.501930
22.526525
27.835440
20.216117
29.636145
36.315942
31.144276
16.608422
16.332040
47.282574
19.235522
48.119815
31.389286
44.610787
32.470391
23.913150
22.685006
25.092046
20.553080
33.213333
31.707721
27.996705
29.779043
26.961569
30.655471
21.538193
28.607394
42.437539
29.625051
13.985267
21.970251
35.603144
25.859086
22.175021
16.947517
26.911398
22.189278
49.360852
25.593278
25.709054
17.585489
26.060792
30.422798
27.723019
45.190034
34.321927
26.388348
29.424999
26.961524
34.173746
47.714567
16.632884
22.276491
50.070841
24.519393
28.479052
28.328291
38.306174
38.877113
16.786652
30.099769
28.741888
25.302843
21.780173
24.480168
17.199337
48.977787
17.707776
23.071588
35.832271
28.342290
28.858730
24.724360
31.105512
23.145602
35.575053
26.800845
39.463749
31.260439
34.182849
23.118807
33.594223
21.854440
20.217138
16.932726
29.221595
22.725344
23.487755
48.569245
27.515197
33.349412
27.651502
32.457649
31.715896
45.886484
21.589892
17.222740
22.497215
24.651091
31.519443
11.949561
25.797486
27.183040
25.057677
28.841201
17.735830
24.540138
23.719000
59.424165
30.376243
15.051498
18.796718
42.461297
24.389799
40.422347
30.128842
21.362316
14.766774
39.462693
34.818520
25.803909
32.071703
17.404750
11.160841
31.150027
23.047333
19.367606
12.563804
38.996110
26.303272
20.638101
26.719758
23.725510
44.657679
31.099489
21.139940
20.990845
34.557673
24.053040
17.572917
29.404457
18.830367
49.800796
25.093751
25.281162
14.833405
50.147817
30.488695
25.684290
26.794018
17.804289
18.489063
27.991437
19.134360
29.441640
22.879593
30.513715
52.079128
23.219402
27.359586
33.221058
32.711978
27.571634
20.371209
29.475293
28.715231
12.652539
17.938497
25.243639
15.242356
31.646776
24.029678
16.382862
31.490603
60.052757
65.960078
30.796453
27.978497
25.340131
29.741033
30.422469
37.238593
42.843863
20.945998
21.884794
33.589752
16.023343
29.894494
23.536349
43.040256
24.517351
23.682752
28.308240
40.836987
19.361995
27.206722
8.661958
42.133862
32.133649
14.975024
17.784285
32.351401
20.742809
23.934690
41.288571
14.674423
25.454886
28.729848
18.467491
26.355643
21.310267
26.968115
26.248613
19.350588
23.043586
25.716668
47.936136
28.843507
31.952218
22.982389
17.354271
23.420216
18.947850
58.111770
21.372764
45.342909
26.304311
22.902541
34.433061
21.990592
35.789599
24.583834
32.014806
21.306578
49.098446
49.446196
36.842493
27.008843
31.292387
26.111886
48.734226
18.606062
27.783180
31.366127
22.301883
28.117228
31.324141
24.629818
27.200702
22.919872
22.801672
15.264116
44.184643
39.579985
40.687332
26.570709
31.099645
32.780636
26.141718
19.056051
18.400929
37.551491
22.952091
18.876079
28.394196
28.830368
25.214993
37.798656
19.093014
41.148517
20.142831
40.518353
27.089257
34.277130
25.436449
29.661220
17.557602
16.045535
20.435926
32.119077
38.891519
13.811502
31.704963
36.760598
27.051815
30.029738
17.773210
32.526390
27.249035
56.674149
39.227443
29.061472
23.223406
45.211473
25.107956
16.247050
40.552352
21.472459
30.385967
34.764851
17.800854
29.716868
29.176066
17.973997
60.468702
31.027120
28.197340
28.876953
19.008631
27.352882
25.645302
31.810452
27.294111
19.377578
20.629799
36.871669
30.830486
26.957229
23.569976
33.845916
37.312154
26.801446
29.634020
30.919577
23.638697
31.582327
33.313214
23.229790
29.456428
27.517669
30.207797
27.222783
20.998400
22.664396
28.827162
40.203250
17.790412
32.785532
40.312782
15.290061
45.285346
19.523913
29.421644
28.937738
50.239498
58.785383
21.634956
19.973543
27.891641
26.330057
25.568132
13.275445
27.046021
31.655911
23.278389
17.187989
27.652274
42.822540
28.819073
28.021795
30.460542
17.411273
27.187808
27.320685
17.374570
46.690488
27.408444
41.273670
38.528651
21.190242
24.220041
30.210211
28.443506
28.104864
19.693722
25.411879
33.528882
29.498311
25.064159
21.722136
40.190390
15.803431
24.075131
26.048269
47.338045
28.528197
18.999923
18.817679
34.637880
20.025282
7.875687
66.232396
31.845394
26.030305
37.474145
16.980195
26.766215
19.105651
45.168670
22.413711
22.691352
23.520759
22.032153
26.984112
23.708632
40.488208
26.856272
30.527447
15.138460
28.582037
46.125228
15.694780
17.854937
42.652721
28.678802
14.453759
20.490707
28.639082
35.263938
42.046855
29.250515
24.241656
17.654993
47.431069
16.721761
15.635038
18.655983
29.017822
25.105079
37.999311
35.111648
24.109754
16.458915
25.834259
35.115734
25.273671
16.761739
24.185063
19.001399
35.459102
19.027301
39.870330
27.208050
24.109176
19.839486
43.769894
21.892390
27.234171
15.967202
29.227502
10.894872
20.747197
31.560460
18.636731
25.088058
32.579566
31.429006
34.503112
21.555096
17.452427
9.141566
29.920543
42.262942
25.714108
30.118477
15.420346
26.884329
22.345332
30.677054
14.522867
20.869022
26.325866
33.674020
19.221373
34.782285
35.471820
20.575214
28.750241
29.625883
27.490049
26.815463
19.648073
25.885107
31.596977
44.378949
25.864643
31.384933
31.029559
29.647116
25.669173
25.117504
14.740028
28.482606
18.076803
36.212882
26.245661
26.001162
32.557304
25.627376
32.413295
35.179967
34.850135
25.893337
18.580860
23.600883
26.865814
24.776206
20.462144
38.520041
19.779017
47.833185
21.600486
26.619173
17.954312
28.388402
18.798984
26.253179
22.641755
21.132907
18.615958
30.428378
52.737015
44.760203
26.736910
24.086321
18.787633
32.840742
24.540108
30.311785
18.679128
25.784981
29.992218
22.552221
29.267411
29.410917
